num_cells_x: 10
num_cells_y: 15
width: 5000
height: 5000
pos_receivers_x: [4750.       4178.571429 3607.142857 3035.714286 2464.285714 1892.857143 1321.428571  750.      ]
pos_receivers_y: [4750. 4750. 4750. 4750. 4750. 4750. 4750. 4750.]
pos_sources_x: [4750. 2500.  250.]
pos_sources_y: [250. 250. 250.]
mirrored: True
alpha: 0.05
epsilon: 0.1
code: 2835