num_cells_x: 10
num_cells_y: 15
width: 5000
height: 5000
pos_receivers_x: [4750.       4305.555556 3861.111111 3416.666667 2972.222222 2527.777778 2083.333333 1638.888889 1194.444444  750.      ]
pos_receivers_y: [4750. 4750. 4750. 4750. 4750. 4750. 4750. 4750. 4750. 4750.]
pos_sources_x: [4750. 4250. 3750. 3250. 2750. 2250. 1750. 1250.  750.  250.]
pos_sources_y: [250. 250. 250. 250. 250. 250. 250. 250. 250. 250.]
mirrored: True
alpha: 0.05
epsilon: 0.1
code: h3d12